%YAML:1.0
---
nb_camera: 2
camera_0:
   camera_matrix: !!opencv-matrix
      rows: 3
      cols: 3
      dt: d
      data: [ 1.1238013681529371e+03, 0., 8.9991713688787831e+02, 0.,
          1.1314251245254447e+03, 5.7896991561070547e+02, 0., 0., 1. ]
   distortion_vector: !!opencv-matrix
      rows: 1
      cols: 5
      dt: d
      data: [ -4.0691403407344467e-01, 1.8860858042371978e-01,
          9.9568034755805079e-04, 3.6305777813330897e-03,
          -4.2932887170291575e-02 ]
   distortion_type: 0
   camera_group: 0
   img_width: 1920
   img_height: 1080
   camera_pose_matrix: !!opencv-matrix
      rows: 4
      cols: 4
      dt: d
      data: [ 1., 0., 0., 0., 0., 1., 0., 0., 0., 0., 1., 0., 0., 0., 0.,
          1. ]
camera_1:
   camera_matrix: !!opencv-matrix
      rows: 3
      cols: 3
      dt: d
      data: [ 1.1505125741942397e+03, 0., 9.2274898376543740e+02, 0.,
          1.1532516307554201e+03, 5.8927196880235090e+02, 0., 0., 1. ]
   distortion_vector: !!opencv-matrix
      rows: 1
      cols: 5
      dt: d
      data: [ -3.9602327755612754e-01, 1.6252649304479502e-01,
          7.3839220779842553e-04, -1.0797457755189984e-04,
          -3.1641088615430600e-02 ]
   distortion_type: 0
   camera_group: 0
   img_width: 1920
   img_height: 1080
   camera_pose_matrix: !!opencv-matrix
      rows: 4
      cols: 4
      dt: d
      data: [ 7.8094333758597378e-01, -4.1963022992021753e-01,
          4.6264238199411106e-01, -2.6495110976949695e+02,
          4.1844769775213209e-01, 9.0140106974552980e-01,
          1.1125482330018178e-01, -3.8971298857838292e+01,
          -4.6371222512030025e-01, 1.0670792659741660e-01,
          8.7953646352795423e-01, 4.9590954517693440e+01, 0., 0., 0., 1. ]
